136.54
137.25
137.63
136.86
136.71
136.68
136.99
136.16
135.58
135.72
135.61
135.22
136.21
135.39
135.64
135.95
135.76
135.42
135.37
136.08
136.12
135.93
136.42
135.99
136.13
136.48
137.96
137.93
137.66
137.38
137.49
137.67
137.76
138.17
138.33
138.42
138.63
138.48
138.35
139.25
139.81
140.14
139.56
139.57
140.3
141.11
139.99
139.84
138.89
138.14
138.23
138.12
138.25
138.84
139.34
139.06
139.6
140.17
139.59
140.26
140.34
140.16
140.22
140.8
140.92
141.2
141.58
141.19
142.4
142.37
141.88
142.18
142.51
143.15
143.24
140.84
139.2
138.97
139.43
139.02
138.94
138.42
137.98
137.75
138.86
139.53
139.52
139.63
139.3
139.6
140.69
140.36
139.04
138.35
137.92
138.42
137.63
138.59
139.4
139.77
139.55
139.58
139.86
140.78
140.8
141.78
142.13
141.9
142.16
142.45
142.38
143.34
142.87
142.45
141.28
141.74
142.35
140.25
140.08
139.86
140.13
139.97
141.05
141.14
141.36
141.19
139.58
138.68
137.51
138.02
138.36
139.49
140.07
141.27
140.08
140.52
140.77
141.74
142.02
141.24
141.65
142.31
141.24
141.56
141.81
141.31
141.09
141.35
140.22
141.54
141.62
142.68
142.64
142.82
144.03
144.25
143.96
143.1
143.3
143.62
143.4
143.49
143.66
144.3
144.58
145.19
144.75
144
141.98
142.69
142.85
142.97
143.55
142.7
142.99
143.5
144.24
143.15
141.87
141.71
141.22
142.11
142.24
141.36
141.11
141.36
142.3
142.7
143.53
143.49
144.02
143.05
143.4
143.39
144.33
144.27
144.29
144.2
144.83
145.41
145.18
144.51
144.05
143.94
144.66
144.92
144.98
145.49
145.27
144.6
145.42
146.05
145.81
146.25
146.27
146.23
145.85
146.34
146.8
146.91
147.23
147.11
145.99
145.47
145.92
146.76
146.4
146.97
146.72
146.68
147.07
147.77
147.48
147.41
147.43
147.83
146.99
146.32
146.37
146.93
146.61
147.22
147.32
147.83
147.95
148.36
147.46
148
148.38
148.44
148.74
148.75
148.53
149.34
149.18
148.83
148.73
149.61
149.78
149.6
150.34
150.4
150.33
149.42
148.78
149.35
148.22
148.17
149.46
149.63
149.31
149.6
148.84
149.86
149.28
148.99
148.71
148.99
148.6
148.57
149.19
149.62
149.78
149.83
150.13
149.91
149.38
149.87
150.05
150.1
149.87
149.8
149.66
149.18
148.99
149.02
149.15
149.74
149.77
149.88
150.09
150.26
149.73
149.47
149.27
149.32
149.68
150.05
150.5
150.35
150.27
151.27
151.05
151.28
150.65
151.37
151.24
150.99
151.27
151.43
151.08
150.52
151.65
152.45
153.3
153.1
153.33
153.99
153.77
152.99
153.12
153.12
153.59
154.83
155.12
155.35
154.85
154.45
154.73
155.85
156.04
155.88
156.06
155.8
156.02
155.87
156.38
157.09
157.75
157.2
155.75
154.3
154.69
155.18
154.75
155.33
155.45
155.78
155.84
156.1
157.12
157.12
157.54
158.42
157.16
156.78
157.01
157.74
157.69
157.27
157.3
156.91
155.58
155.89
157.02
157.83
158.21
158.11
157.96
158.61
156.7
156.8
157.28
157.66
158.88
159.57
159.33
159.11
156.17
156.83
155.08
154.15
151.19
153.05
152.92
153.89
155.05
155.19
153.34
154.73
155.52
155.39
156.52
156.22
157.3
157.37
156.9
157.46
157.28
155.54
157.38
157.34
157.5
158.54
158.63
159.4
159.53
159.33
160
160.33
160.62
161.31
162.04
161.31
161.49
161.24
161.29
161.07
161.72
161.91
162.57
163.28
163.02
163.06
163.32
163.17
163.33
163.32
162.54
162.45
161.66
162.55
163.01
163.44
163.28
163.69
163.61
163.59
163.47
163.73
163.01
163.7
163.73
163.6
163.37
163.75
164.15
164.26
164.16
163.49
162.52
162.77
162.6
161.87
163.34
163.63
165.25
165.9
165.62
165.62
165.65
165.82
166.49
165.82
165.23
165.66
166.78
166.77
166.65
167.03
167.16
168.08
168.15
167.35
168.35
168.8
168.05
167.86
168.59
168.32
168.43
167.66
167.2
166.22
165.33
163.15
161.68
163.07
162.28
162.57
163.35
162.59
163.97
163.23
165.19
161.61
162.12
160.96
159.11
156.74
152.87
154.11
154.78
154.08
156.19
157.62
159.25
158.11
155.44
158.88
157.86
157.77
157.99
158.26
157.31
157.95
156.12
156.95
158.13
158.84
159.78
160.04
159.63
162.31
162.02
161.38
162.75
161.79
162.27
163.25
163.63
163.79
164.7
163.81
164.5
164.64
165.36
164.94
165.22
165.82
166.51
166.74
166.74
165.7
165.74
165.27
163.77
162.44
163.69
163
163.52
164.33
165.33
165.53
166.85
165.15
166.6
165.72
167
164.83
165.25
162.45
159
161.96
163.1
161.16
162.88
160.96
163.21
161.09
161.01
160.64
159.73
161.59
163.29
162.09
162.81
162
162.14
162.03
162.93
163.69
164.33
162.16
165.05
164.21
163.44
162.65
163.44
163.13
162.1
163.99
164.46
164.32
165.66
166.37
165.32
163.02
162.92
161.353
161.238
160.09
160.431
160.133
161.302
161.86
160.83
160.816
158.074
157.709
155.978
156.21
153.13
155.71
156.12
158.114
156.68
157.995
158.25
157.96
158.177
157.62
158.24
156.443
155.877
155.661
155.7
155.289
156.487
157.861
157.918
158.27
158.61
158.697
159.082
159.075
158.9
160.249
160.645
160.997
160.078
158.704
157.298
157.273
158.764
157.892
157.68
156.127
158.659
157.783
156.745
155.21
153.036
156.233
154.299
153.217
153.66
155.237
156.262
156.813
157.22
156.73
157.389
158.998
160.55
160.36
159.68
160.865
161.274
161.163
160.473
159.67
160.03
160.767
162.392
163.017
163.98
164.315
164.744
164.255
163.49
163.19
163.086
161.948
162.264
161.565
162.54
162.47
162.72
161.219
159.673
159.23
161.356
162.089
162.534
161.796
162.09
161.815
162.207
162.761
163.707
162.94
163.088
163.555
163.731
163.706
164.11
162.243
162.293
162.461
165.178
165.54
166.325
166.172
166.317
166.672
166.4
167.468
167.401
167.572
167.45
167.51
167.331
167.829
168.878
168.293
167.62
167.311
167.583
168.167
167.59
167.74
168.554
168.449
168.06
169.031
169.38
168.831
166.632
166.37
168.583
169.48
169.471
169.424
169.354
168.25
169.4
169.158
168.516
168.4
168.379
167.58
168.49
167.31
168.93
167.56
165.35
163.99
163.01
163.37
162.48
162.31
161.7
162.11
161.96
161.57
162.82
161.27
160.59
161.19
160.84
159.66
157.77
157.65
156.85
151.59
153.67
152.69
150.68
150.51
150.19
153.41
149.01
148.78
149.46
151.22
155.44
156
155.23
155.18
155.63
154.96
149.91
149.59
148.25
145.4
145.1
136.89
138.29
135.13
135.48
134.96
138.69
139.12
134.45
137.06
136.34
136.1
131.01
125.71
127.07
118.95
116.13
125.83
126.09
126.95
125.29
124.91
129.66
126.66
123.56
124.88
124.95
122.12
117.87
124.91
122.34
121.59
122.45
119.66
117.27
120.69
125.68
124.41
122.86
122.92
121.2
117.32
118.49
118.62
117.8
118.16
120.21
119.27
120.79
122.06
121.88
124.12
124.99
125.82
127.77
124.23
125.8
126.58
126.7
127.35
126.52
127.26
126.33
127.74
126.99
126.12
126.4
124.98
121.79
119.4
117.79
117.01
118.07
120.35
118.29
115.36
116.77
115.68
115.1
117.63
117.5
118.9
116.48
115.22
114.52
116.31
114.62
116.49
118.82
118.87
116.56
116.47
117.1
118.265
117.3
116.17
117.516
119.33
119.7
119.932
124.5
123.911
125.432
123.584
121.892
123.165
125.396
122.942
124.31
124.567
125.372
124.908
125.869
126.644
127.436
128.668
129.744
129.086
130.27
132.045
132.381
132.413
133.711
130.017
128.634
130.94
130.528
134.139
135.256
135.415
133.369
132.311
132.15
132.191
133.761
131.026
131.271
130.963
129.306
126.654
127.724
127.385
128.72
128.654
125.89
126.627
129.411
130.313
131.512
132.733
131.669
131.032
132.913
134.224
132.216
131.448
129.485
130.837
128.436
130.455
130.802
130.551
131.188
132.639
132.902
132.816
131.864
135.09
134.928
136.667
136.81
135.663
137.065
137.787
136.866
137.081
137.238
137.756
137.898
134.869
133.349
133.385
134.276
134.169
132.921
134.016
133.349
134.338
133.888
135.211
135.17
136.641
133.777
134.248
133.178
131.87
128.622
130.371
128.96
130.105
130.792
132.885
132.584
132.84
134.013
133.099
132.948
134.467
134.619
135.582
133.918
133.398
134.409
134.966
137.343
137.099
136.804
136.929
138.367
137.349
135.784
136.218
136.331
134.773
133.061
133.816
133.776
134.245
135.225
135.225
134.648
134.324
134.128
133.857
133.444
132.159
131.499
131.997
132.967
133.364
133.652
133.965
133.726
132.127
132.91
133.499
133.75
134.264
134.312
134.908
134.734
134.481
133.829
131.684
131.036
131.39
131.319
130.318
130.883
131.138
130.756
130.13
130.744
132.247
132.69
133.227
133.463
135.345
135.459
135.492
135.644
136.626
137.224
138.136
137.123
135.922
133.466
135.704
132.569
133.373
132.993
134.805
134.906
133.42
134.903
134.631
134.696
134.158
133.613
133.281
132.751
133.619
132.776
132.038
133.101
132.441
132.199
130.012
129.582
129.659
130.712
131.441
132.846
134.507
132.684
129.991
129.371
129.915
130.179
129.857
130.3
130.438
128.979
129.673
130.15
130.825
131.341
131.504
131.737
132.027
132.499
133.478
133.303
131.713
132.983
133.511
133.495
133.611
131.752
132.569
132.22
130.575
130.563
130.196
128.664
127.364
126.975
127.734
126.122
126.203
125.597
125.121
126.21
126.193
126.377
122.151
122.043
121.811
123.715
123.529
122.892
122.584
122.371
124.106
124.14
124.161
124.565
123.889
121.836
122.02
120.71
121.243
120.841
120.941
121.143
120.877
122.971
123.107
122.344
123.585
123.8
124.654
123.73
124.304
124.03
122.938
122.482
122.193
122.053
122.794
123.117
124.044
124.648
124.407
126.236
127.479
127.707
127.228
125.658
124.541
124.749
125.749
126.716
126.861
127.274
126.259
124.416
124.623
125.218
124.759
124.264
125.75
125.717
122.864
124.303
124.423
124.735
124.728
122.765
120.212
114.294
116.781
119.275
117.292
117.6
116.239
114.341
114.753
112.541
113.818
111.964
113.083
111.696
111.379
109.455
112.531
111.74
112.282
111.191
112.831
112.744
109.963
108.937
109.48
109.347
110.702
110.975
111.893
112.766
112.557
112.728
112.363
112.159
111.096
110.544
110.5
110.364
109.694
107.974
108.196
109.711
110.193
110.038
110.497
110.816
112.147
111.994
111.608
112.881
112.633
113.144
111.948
112.169
112.689
111.006
112.076
112.894
112.883
114.218
113.642
113.49
112.806
113.995
113.465
113.516
113.177
113.539
113.603
112.562
109.733
110.14
109.91
109.423
110.183
109.821
109.468
108.816
107.771
105.935
107.041
107.373
108.71
107.136
106.742
108.145
108.07
108.726
108.41
106.308
106.684
106.349
106.679
107.823
107.921
111.542
112.165
112.02
111.894
112.857
113.256
112.334
113.628
113.372
113.92
114.051
113.863
114.759
114.07
115.129
115.496
114.744
114.164
113.852
113.774
114.174
114.747
113.769
113.224
111.962
113.216
113.208
113.524
112.809
112.845
112.546
112.85
112.097
111.862
113.208
114.657
114.734
114.018
112.991
112.5
113.38
112.707
112.992
112.859
112.366
112.518
113.912
114.201
113.539
111.139
111.369
111.674
111.309
110.584
108.642
110.591
110.708
110.702
109.987
110.7
111.423
110.878
110.993
111.637
111.902
111.303
111.105
110.749
109.983
109.676
109.445
108.72
108.739
108.983
108.047
107.914
108.327
108.488
109.191
109.153
109.452
108.338
107.297
107.105
107.985
108.98
110.657
110.912
109.888
110.508
110.486
111.807
112.396
112.529
112.513
112.667
113.857
111.762
112.332
112.481
112.601
111.294
111.584
111.8
112.218
113.082
113.19
113.035
112.377
112.976
113.529
113.355
113.874
113.706
112.968
113.428
112.999
112.315
112.899
112.762
113.5
115.15
115.117
114.864
114.929
115.06
114.475
113.778
114.248
113.034
107.621
110.87
114.253
115.345
114.982
114.099
114.788
114.521
115.062
116.372
117.077
117.676
119.632
119.523
120.689
122.508
121.481
122.766
122.11
120.979
121.077
120.944
119.921
117.621
118.36
119.884
119.1
119.161
119.292
119.406
121.455
120.817
120.202
120.421
119.952
119.546
116.398
115.404
115.403
116.517
115.017
115.283
113.829
114.341
115.891
116.332
116.77
115.68
115.178
115.538
115.435
114.954
115.64
115.563
117.359
115.974
117.201
117.4
116.738
117.648
116.486
116.587
115.203
115.63
116.206
114.781
114.551
114.491
114.787
115.58
115.26
114.765
114.085
115.556
116.562
116.586
116.819
117.385
117.448
116.95
115.846
116.673
114.972
112.577
110.725
111.842
111.908
112
111.528
112.058
111.972
112.926
112.744
112.53
112.992
112.028
111.329
110.476
110.014
109.546
110.353
111.129
111.939
110.231
110.612
108.948
109.404
109.245
110.949
110.634
110.49
109.726
110.172
110.245
110.674
110.94
111.359
111.096
111.476
110.801
110.141
109.683
109.08
108.371
108.687
108.88
107.577
105.914
105.59
105.229
105.371
106.41
105.895
104.797
104.722
103.738
102.624
103.348
103.321
104.33
103.731
104.466
103.091
100.949
102.508
102.487
103.066
102.623
104.567
104.531
106.535
105.929
107.146
105.534
105.625
105.671
105.805
105.921
105.979
105.808
105.907
107.737
107.223
108.357
107.322
107.333
107.803
107.866
107.507
107.503
105.366
105.658
106.031
105.055
104.283
103.727
103.597
103.952
103.698
103.942
103.124
102.891
102.812
103.849
103.749
104.348
104.58
104.376
104.263
104.153
104.165
103.552
103.834
102.738
101.661
101.345
101.313
101.439
101.432
101.881
101.845
101.999
101.796
101.799
101.765
100.841
100.607
99.596
99.437
100.122
99.265
98.605
97.895
98.067
98.176
97.65
98.343
97.558
97.237
97.845
98.814
99.986
99.568
100.222
101.238
101.928
101.517
101.344
100.331
99.771
100.273
100.169
100.762
100.499
101.78
102.138
103.171
102.388
102.28
103
102.471
103.628
104.513
105.437
105.519
106.372
106.965
109.158
107.979
108.278
108.111
107.962
107.953
107.771
106.061
106.616
108.248
108.2
108.223
108.386
109.035
109.256
109.926
110.39
110.708
110.156
108.973
109.237
110.62
110.729
110.375
109.663
110.524
109.313
109.576
108.352
107.562
106.816
106.783
105.522
105.988
106.663
105.806
105.66
106.101
106.615
107.19
107.755
106.794
107.302
107.499
107.056
106.361
105.66
106.003
105.443
105.444
104.464
104.257
103.867
102.946
103.38
103.23
102.367
102.057
102.131
100.656
100.951
101.643
101.404
99.989
99.745
99.721
99.651
99.371
97.769
96.817
96.991
97.908
98.036
99.613
100.003
99.46
99.149
99.416
99.796
100.222
99.412
99.477
100.14
101.052
100.662
101.065
99.601
99.334
99.382
98.853
101.044
99.986
100.595
100.039
99.011
97.851
97.94
97.286
97.607
96.783
96.966
96.78
97.193
96.786
96.5
95.395
94.977
94.29
95.018
96.059
96.641
95.834
96.104
95.873
95.276
97.181
97.016
97.446
96.968
96.669
96.154
96.573
97.002
97.064
98.027
98.109
98.039
98.876
98.441
98.606
98.408
98.409
98.63
98.605
98.315
98.565
98.532
98.536
98.764
99.594
100.248
99.866
99.955
100.412
100.636
102.908
103.225
102.819
102.261
101.458
101.431
100.655
100.342
100.063
100.195
100.191
101.573
100.819
100.655
101.251
101.586
101.818
102.966
103.552
103.561
103.261
104.394
103.687
103.523
103.849
103.035
102.955
103.169
103.39
103.723
103.202
102.953
102.151
101.286
101.007
101.021
100.827
102.189
103.734
103.592
104.304
104.676
105.859
106.226
106.887
106.451
106.317
106.295
106.564
107.086
107.341
107.228
107.754
106.834
106.63
106.333
107.304
108.847
109.373
109.902
110.418
111.38
111.634
111.746
111.076
111.75
113.224
113.965
113.539
114.244
115.161
113.815
115.191
115.131
113.848
114.794
117.815
118.987
119.717
118.13
116.791
120.168
119.97
119.292
118.163
118.008
120.815
122.335
122.23
122.385
123.546
124.509
126.619
124.828
127.159
126.592
125.427
123.832
126.423
125.743
125.606
124.089
124.865
125.431
125.255
124.253
122.789
123.19
119.908
120.117
121.139
120.826
121.837
121.755
121.741
121.959
124.261
124.813
125.636
125.026
124.502
124.959
124.56
123.455
122.383
124.265
122.528
122.708
120.993
121.516
120.582
120.711
120.745
119.79
119.763
119.525
124.608
126.717
129.255
129.534
130.394
130.557
128.956
126.116
128.521
127.847
128.106
129.851
129.651
129.257
129.492
129.129
127.695
128.031
128.272
128.344
127.925
129.803
129.866
129.468
130.202
131.164
131.931
132.107
132.3
131.743
131.694
132.485
131.725
132.256
132.622
131.943
130.963
130.503
131.582
130.891
131.419
130.552
130.137
130.848
129.683
128.428
128.895
130.909
127.825
128.036
127.541
125.509
126.304
127.658
128.198
128.575
128.421
128.191
127.925
127.162
128.199
128.94
130.172
130.595
129.925
129.166
129.788
129.922
129.265
129.318
129.585
129.566
130.422
130.425
130.689
131.607
132.236
131.396
131.444
132.308
131.821
130.437
129.897
130
130.173
131.457
131.327
130.312
130.029
128.45
129.323
128.349
128.864
130.211
130.055
129.947
129.978
130.085
130.491
130.431
131.819
132.033
131.66
129.93
130.215
130.208
129.715
131.022
131.118
131.693
131.325
130.597
131.966
133.162
132.952
132.36
132.085
132.077
132.399
132.406
134.544
134.341
133.344
133.028
133.122
133.499
132.835
132.867
132.536
132.177
132.437
132.124
131.316
131.475
131.638
132.694
133.498
133.661
132.757
133.639
133.884
133.753
134.309
135.226
134.13
134.239
134.441
134.675
134.998
135.2
133.65
133.055
133.237
132.702
133.298
131.611
132.407
132.913
133.845
133.829
134.584
135.192
135.037
135.548
134.415
136.358
137.274
137.405
137.449
138.708
139.184
139.2
139.38
139.279
139.114
139.096
141.017
141.865
141.504
141.193
142.155
141.818
141.737
141.335
142.669
142.381
142.307
142.565
142.574
143.469
144.566
145.095
145
143.257
142.452
142.021
142.396
142.332
142.633
142.382
140.784
142.541
142.23
142.098
141.238
141.161
141.414
141.58
141.428
139.929
140.203
140.71
139.719
139.214
137.586
136.553
137.387
137.268
138.741
139.521
139.522
139.953
139.354
139.751
139.371
139.675
140.81
140.486
140.286
140.817
140.771
140.502
140.084
139.987
140.462
139.309
140.454
140.47
142.839
143.277
143.324
142.721
142.857
141.3
141
141.709
141.303
141.452
141.089
141.05
141.449
141.385
140.693
140.457
141.378
142.108
142.945
143.001
142.573
141.515
141.653
140.447
141.298
140.971
141.098
140.739
140.773
141.218
141.422
141.429
141.516
141.644
141.655
141.497
141.325
141.94
141.745
141.743
141.901
141.717
141.704
141.604
141.732
140.68
140.107
140.476
140.106
139.722
139.244
138.986
139.126
138.814
138.716
138.911
138.955
139.074
139.027
138.397
138.428
138.728
139.187
139.677
139.703
139.882
139.784
139.356
138.645
138.102
137.807
138.148
138.199
138.362
138.549
138.698
138.804
138.647
138.728
138.816
138.452
138.383
138.725
138.859
139.002
139.07
138.719
138.557
138.247
138.636
137.897
137.826
138.262
137.949
137.502
136.833
137.047
137.105
136.607
136.61
137.063
136.754
136.875
136.907
137.689
137.63
137.764
137.645
137.218
136.621
136.415
136.793
136.769
136.699
136.86
136.907
137.15
137.055
137.065
137.559
137.901
137.604
137.253
137.008
137.027
136.705
136.658
136.974
138.006
137.786
136.236
136.09
136.694
137.376
137.999
138.41
139.132
138.681
138.82
139.403
140.432
139.863
139.831
139.866
139.348
138.648
138.608
138.88
138.474
137.437
137.333
137.335
137.646
136.834
137.606
136.839
135.929
136.216
135.491
135.955
136.187
136.359
136.874
136.038
135.498
136.903
137.027
136.93
137.681
137.518
137.8
140.652
142.328
142.505
143.13
142.545
142.715
142.644
144.407
143.616
144.414
145.636
145.199
146.467
148.069
148.219
145.953
147.135
147.148
147.218
146.735
147.708
147.626
147.6
147.452
148.262
149.223
148.634
148.091
146.637
147.221
147.973
146.497
145.612
146.395
145.97
146.073
146.788
146.865
146.777
146.537
146.616
145.216
145.027
144.593
142.746
140.742
141.172
141.087
140.251
140.029
138.804
138.297
135.076
135.884
136.41
137.198
136.935
134.646
131.931
133.1
134.12
132.639
133.868
132.629
133.318
134.916
133.012
134.842
134.78
134.327
135.166
136.522
135.803
135.332
134.492
136.053
135.361
135.203
135.414
134.654
134.894
135.012
133.695
133.907
134.339
133.806
132.567
132.466
130.961
131.531
129.394
128.096
128.856
127.389
128.244
128.575
130.186
128.717
129.869
131.001
130.725
131.073
129.627
129.697
130.064
128.89
128.873
130.232
130.246
130.536
130.047
129.497
128.517
127.435
126.922
127.195
127.268
128.051
128.412
127.92
128.447
128.589
129.421
129.313
129.633
130.496
132.419
133.959
134.536
133.905
134.058
135.51
134.889
134.198
133.919
134.389
135.272
135.943
136.644
135.745
134.552
134.591
134.463
133.798
133.415
133.796
134.802
135.688
136.394
136.318
138.384
140.047
139.736
139.571
140.522
140.279
138.864
138.893
138.969
139.2
138.734
139.925
139.667
139.314
139.883
138.398
138.75
138.509
138.281
137.67
136.533
136.118
136.361
136.288
135.488
134.924
133.696
133.88
136.983
135.781
135.82
135.486
134.973
134.295
134.516
135.473
135.453
136.086
135.837
136.633
136.642
136.092
135.705
136.027
135.8
135.328
136.162
136.256
136.26
137.314
138.118
138.584
138.731
138.055
137.775
137.112
137.626
138.7
138.876
137.533
136.853
135.665
136.048
136.046
135.882
135.049
135.072
133.543
132.48
133.209
134.193
134.975
136.018
136.539
136.033
135.703
136.083
137.211
135.417
134.88
133.564
134.495
134.823
134.835
134.79
134.665
133.975
134.229
134.245
134.724
135.482
134.864
135.236
136.561
136.3
136.207
136.311
135.281
135.534
135.319
135.926
135.942
134.042
133.796
133.721
132.983
132.315
132.985
132.706
132.995
132.699
132.043
132.459
132.222
132.399
132.038
131.928
132.55
131.98
131.598
131.372
131.748
131.873
130.685
130.605
130.381
130.356
130.021
130.01
130.023
130.596
130.77
134.096
133.887
133.651
133.872
133.837
132.963
132.939
133.011
132.953
133.321
132.636
131.593
132.22
132.611
131.894
131.794
132.006
131.518
131.729
130.582
129.32
127.911
127.676
128.571
128.068
127.858
127.715
127.95
128.219
127.672
127.733
128.25
127.273
127.918
128.184
128.306
128.673
129.253
129.938
131.164
131.692
130.942
130.865
130.832
130.325
129.635
129.951
127.961
127.263
127.373
127.789
127.081
126.93
125.743
125.268
124.485
123.513
123.52
124.482
124.554
122.499
123.866
123.301
124.526
125.196
124.91
124.004
124.639
126.474
126.949
126.322
125.693
126.32
126.062
125.677
125.829
126.027
125.643
126.104
126.214
126.984
127.211
127.444
128.074
127.166
126.774
125.578
125.126
123.067
123.134
123.096
123.554
123.259
123.21
122.649
123.079
124.016
124.053
123.53
125.439
125.269
125.725
126.205
122.676
121.764
122.737
122.528
122.896
122.316
122.128
123.285
124.238
123.865
123.983
122.805
123.4
123.449
123.581
123.165
123.566
122.531
122.509
122.877
122.819
122.47
123.724
123.211
122.514
121.396
121.074
122.101
121.903
121.892
121.19
120.32
119.929
118.872
119.356
117.002
117.408
117.559
117.747
117.926
120.772
113.327
112.38
113.672
114.384
114.56
114.131
114.355
112.657
112.433
111.446
111.064
113.641
115.755
115.844
117.109
115.617
117.554
116.93
117.675
116.662
116.372
116.308
114.918
116.521
116.578
114.03
114.255
113.216
112.873
112.619
112.862
113.579
113.243
113.168
113.534
113.043
113.229
113.117
113.156
113.378
113.42
113.552
113.297
113.131
113.411
113.932
114.007
114.674
115.372
115.534
116.039
115.27
114.809
114.335
115.384
115.321
114.408
115.026
115.184
114.759
114.09
113.879
113.391
112.235
112.897
113.405
112.888
112.601
112.924
113.325
113.91
113.932
115.266
115.942
115.88
115.307
115.397
114.389
114.683
114.601
114.288
114.255
114.039
113.498
113.596
112.965
113.349
113.471
113.939
114.691
115.097
114.994
115.056
114.643
114.336
114.803
115.283
115.926
115.236
116.308
115.832
116.39
117.023
116.59
116.993
117.425
117.75
118.071
118.684
119.526
119.758
118.78
119.663
121.156
121.572
121.164
122.517
122.161
122.285
121.025
121.661
122.304
122.366
123.251
123.046
123.274
121.787
122.384
122.544
122.647
122.669
122.385
122.724
122.022
122.213
123.109
122.827
122.491
122.913
122.306
123.162
122.644
122.161
122.12
121.702
121.799
121.013
120.634
121.815
122.481
122.642
121.303
122.066
121.724
122.329
123.089
121.672
121.763
121.929
121.341
121.433
120.094
120.048
119.734
120.644
120.409
120.51
120.837
120.989
120.856
119.759
119.994
119.754
119.609
119.153
118.37
119.281
119.258
119.938
120.202
121.13
120.502
120.423
120.555
121.57
122.48
122.347
121.703
121.81
122.039
121.004
120.776
120.787
120.072
119.655
120.189
120.198
120.149
119.514
119.468
118.719
118.284
118.176
118.034
117.909
117.644
117.54
116.218
116.249
115.762
115.253
115.875
116.318
116.586
117.136
117.071
119.269
121.324
121.073
120.939
121.519
121.88
122.394
122.718
123.528
123.958
123.71
123.928
124.167
123.647
123.89
124.853
125.352
123.657
123.748
124.661
125.063
124.993
125.065
125.36
124.398
124.195
123.964
124.536
124.831
124.62
124.283
123.351
123.589
123.343
123.489
123.14
123.374
122.895
123.624
124.08
124.317
124.085
124.383
124.133
124.557
125.016
127.359
127.74
128.311
128.352
128.814
128.477
128.56
129.286
129.84
129.973
130.638
129.12
129.098
129.02
129.246
129.456
128.899
130.123
129.61
129.311
130.288
130.431
129.855
130.09
130.542
130.216
131.22
130.604
130.251
130.607
129.62
129.424
128.522
129.029
129.091
129.831
129.653
128.431
128.412
128.722
128.854
128.73
129.255
130.311
130.837
131.341
130.976
130.959
130.784
130.492
129.589
130.141
130.352
129.7
130.733
131.802
131.292
131.372
132.409
133.324
133.828
133.436
134.275
133.771
132.355
132.337
132.491
132.396
132.875
132.278
132.513
132.575
132.102
132.189
132.279
132.762
133.384
132.81
132.196
132.323
132.003
133.108
133.359
133.704
133.258
133.919
134.349
132.756
131.958
131.818
131.756

